982301	MŁOCINY	52.2905046	20.9304731
982201	WAWRZYSZEW	52.2863179	20.9395965
982101	STARE_BIELANY	52.2817144	20.949353
982001	SŁODOWIEC	52.2768253	20.9602351
981901	MARYMONT	52.2716073	20.9717037
981801	PLAC_WILSONA	52.2691009	20.9851018
981701	DWORZEC_GDAŃSKI	52.2580771	20.9948833
981501	RATUSZ_ARSENAŁ	52.2449743	21.0010486
981401	ŚWIĘTOKRZYSKA	52.2350518	21.0078013
981301	CENTRUM	52.230551	21.0104561
981101	POLITECHNIKA	52.2184638	21.0152972
981001	POLE_MOKOTOWSKIE	52.208515	21.0076505
980901	RACŁAWICKA	52.1989544	21.0120868
980801	WIERZBNO	52.1899213	21.0164923
980701	WILANOWSKA	52.1816693	21.0229949
980601	SŁUŻEW	52.172762	21.0261739
980501	URSYNÓW	52.1620294	21.0275445
980401	STOKŁOSY	52.1560439	21.0346808
980301	IMIELIN	52.1492285	21.0461042
980201	NATOLIN	52.141079	21.0563547
980101	KABATY	52.1320584	21.0649652
982302	MŁOCINY	52.2905046	20.9304731
982202	WAWRZYSZEW	52.2863179	20.9395965
982102	STARE_BIELANY	52.2817144	20.949353
982002	SŁODOWIEC	52.2768253	20.9602351
981902	MARYMONT	52.2716073	20.9717037
981802	PLAC_WILSONA	52.2691009	20.9851018
981702	DWORZEC GDAŃSKI	52.2580771	20.9948833
981502	RATUSZ ARSENAŁ	52.2449743	21.0010486
981402	ŚWIĘTOKRZYSKA	52.2350518	21.0078013
981302	CENTRUM	52.230551	21.0104561
981102	POLITECHNIKA	52.2184638	21.0152972
981002	POLE_MOKOTOWSKIE	52.208515	21.0076505
980902	RACŁAWICKA	52.1989544	21.0120868
980802	WIERZBNO	52.1899213	21.0164923
980702	WILANOWSKA	52.1816693	21.0229949
980602	SŁUŻEW	52.172762	21.0261739
980502	URSYNÓW	52.1620294	21.0275445
980402	STOKŁOSY	52.1560439	21.0346808
980302	IMIELIN	52.1492285	21.0461042
980202	NATOLIN	52.141079	21.0563547
980102	KABATY	52.1320584	21.0649652
990901	RONDO_DASZYŃSKIEGO	52.2299789	20.9828873
991001	RONDO_ONZ	52,2330604	20,9983088
991101	ŚWIĘTOKRZYSKA	52.2352207	21.0089942
991201	NOWY_ŚWIAT_UNIWERSYTET	52.2367518	21.0168489
991301	CENTRUM_NAUKI_KOPERNIK	52.2396957	21.0315006
991401	STADION_NARODOWY	52.2470025	21.0428657
991501	DWORZEC_WILEŃSKI	52.2547509	21.0347791
990902	RONDO_DASZYŃSKIEGO	52.2299789	20.9828873
991002	RONDO_ONZ	52.2330604	20.9983088
991102	ŚWIĘTOKRZYSKA	52.2352207	21.0089942
991202	NOWY_ŚWIAT_UNIWERSYTET	52.2367518	21.0168489
991302	CENTRUM_NAUKI_KOPERNIK	52.2396957	21.0315006
991402	STADION_NARODOWY	52.2470025	21.0428657
991502	DWORZEC_WILEŃSKI	52.2547509	21.0347791
***
M1 A
980101 0
980201 2
980301 4
980401 6
980501 8
980601 10
980701 12
980801 13
980901 15
981001 17
981101 18
981301 21
981401 22
981501 24
981701 27
981801 30
981901 32
982001 33
982101 35
982201 37
982301 39
***
M1 B
982302 0
982202 0
982102 4
982002 6
981902 7
981802 9
981702 12
981502 15
981402 17
981302 18
981102 21
981002 22
980902 24
980802 26
980702 27
980602 29
980502 31
980402 33
980302 35
980202 37
980102 39
***
###
10:00 M1 A 980101 982301 DP
10:10 M1 A 980301 981301 DP
***
